1500 2
4.778210 2.905696
-3.868848 4.612149
0.127024 3.117673
5.493934 1.969027
-1.006480 -0.915515
-6.780392 4.314064
1.041256 0.891629
6.209705 3.139403
-1.660986 -2.503625
4.726363 -0.074368
-5.006778 3.406491
1.778513 0.583488
-2.371493 8.251337
0.251998 0.205146
-1.076662 -0.526133
5.261373 5.862876
2.092878 2.910570
1.792251 3.926243
0.374781 1.509757
2.654843 2.339291
0.333296 -2.024904
-3.598615 7.722077
0.258395 -0.289220
-0.330671 -0.887427
3.832804 4.583831
-1.821730 6.803399
-2.495945 0.453355
2.009506 4.198430
-7.496088 4.398646
-0.837854 -0.180421
3.591533 3.506016
3.399324 1.012931
-5.221674 2.517787
0.757297 0.227103
-4.573864 4.349224
-0.879599 0.731328
3.485046 1.034930
4.089391 -2.018943
0.153125 0.175110
-4.656315 4.262726
-0.018020 -0.653545
-0.099450 1.030277
6.439455 4.435217
5.436038 0.934849
1.317863 0.391151
-8.351800 8.325372
6.205095 2.308422
2.250056 5.262838
2.372862 0.972437
4.369409 1.042400
-0.996691 0.902158
-4.241855 2.493551
4.808558 4.527987
-5.467789 4.776436
2.549332 -1.291767
1.747432 2.739282
0.392332 0.343479
-0.063009 0.807135
4.037206 4.339378
0.798386 0.500963
-4.851768 4.851577
0.708714 -0.682867
-0.177832 1.092944
2.658000 -0.580277
-2.968496 7.428368
2.491073 0.528244
-8.154232 0.416008
0.883234 -0.024347
-3.400122 6.448823
-4.042871 6.860468
4.538645 0.663484
-6.803655 4.683189
-6.554869 5.873602
4.956418 3.713071
-0.903896 0.253763
-0.639771 1.732824
0.491213 1.320635
-6.648333 6.476776
-7.102783 5.314975
3.516035 3.080376
-6.503300 3.170473
2.854434 2.837194
-2.626636 3.466177
-5.466105 7.063083
0.796231 -1.255886
-5.868355 2.829163
2.329348 2.031642
3.675241 2.218186
0.407493 -0.673572
-6.136377 7.390902
-7.102284 5.162658
-3.783721 6.522670
1.566824 2.807361
-6.674922 0.308495
-5.317702 4.376014
-0.678150 3.986725
1.050995 -0.959997
1.349242 6.564521
-0.931507 -0.174953
-4.122594 8.350030
3.156641 5.576406
-1.730726 -2.107575
-5.049067 6.298421
0.930761 -0.526539
-7.125683 5.044404
0.603898 0.098223
-1.531020 -0.541437
-1.556987 9.203955
-7.133881 6.513018
-4.858728 5.442621
2.331844 0.791228
0.457652 0.305621
3.203174 4.070890
0.971607 -0.243273
1.131219 -0.282709
-1.128439 -1.419899
1.148839 -1.379000
0.440561 -0.405869
0.756391 0.764406
-0.813063 0.640025
3.972064 1.803603
-2.686362 5.260791
0.004282 -0.214768
0.490445 3.030205
-0.247895 0.422042
2.686469 5.357775
1.234308 4.775383
-0.395055 -0.183615
1.448475 1.422290
-3.250818 6.168393
-0.358192 -2.281228
-1.529868 0.479990
-1.808918 -0.673060
7.114444 1.507927
0.901062 -1.539395
-2.735850 4.434197
-2.462103 -0.977315
3.423301 2.869982
-1.561886 0.538103
-3.728051 2.404729
-7.317032 1.890314
2.727804 5.987534
-5.617450 3.284516
-4.240080 8.455989
-6.901595 6.030050
3.970223 5.645332
1.931921 4.423995
-3.941991 2.284240
-8.297858 0.435280
-4.223098 1.969522
-8.905228 5.903870
4.951964 2.645460
-6.886156 7.769821
3.907406 4.486830
-0.206768 -0.168572
-2.547511 7.333059
4.699643 3.734071
-1.013479 -3.052996
2.935740 0.863302
0.664170 5.674188
-0.561861 1.041480
0.810545 5.692210
1.413947 3.632108
-0.674784 -1.264386
-6.759041 4.886105
-0.047104 -0.798258
-6.885230 6.806471
1.562490 0.653736
-6.114687 3.484062
-0.014318 1.761768
0.242267 -1.031378
-1.638014 0.338920
0.696239 3.749147
-0.908413 -1.788639
-0.401473 0.002698
-0.586110 0.459629
-0.098359 5.768886
0.187485 -0.834785
0.426196 0.865018
2.001391 3.095723
-0.307517 -0.143588
-5.051049 4.657647
0.809607 1.989277
-2.709630 6.900118
-6.424202 6.912539
-6.576381 8.120427
2.853320 0.740564
-1.692043 0.386875
-6.536309 4.932658
0.200443 1.008324
3.663978 3.232736
-4.262111 0.083505
-3.878281 5.338641
7.379027 6.015477
-3.373848 5.535356
-0.927617 -0.955097
-3.784913 4.879154
3.887141 2.416600
-4.135191 4.720726
2.862659 -0.663619
-2.610417 4.491676
3.560656 3.359287
-4.493126 6.480831
0.496384 3.699171
0.961637 0.244742
-5.135296 4.791330
0.464548 1.132082
4.278830 4.873253
-2.575492 -0.970595
5.966989 4.217872
2.499187 3.231639
1.085973 1.048259
3.572183 2.728148
6.477808 5.230368
-5.812263 3.354728
4.109208 3.594630
0.589160 -1.326430
6.590279 3.637398
-0.292252 -0.250966
-1.545385 0.621837
-1.153870 -1.777327
-0.289916 -0.871659
-1.802495 6.371859
2.302582 1.669203
0.661785 0.573694
-3.893487 7.942994
0.952423 1.356280
1.219952 -0.099514
-6.570391 6.246595
-6.242341 6.726348
-4.807054 -0.308741
-3.316158 3.546976
2.259405 2.114755
0.764668 1.282869
3.125347 5.555073
5.499593 2.688844
0.232927 3.740281
-1.682581 -0.554363
3.316752 2.630501
-4.681916 6.973115
-1.113393 -0.222589
-1.252991 -1.281985
0.829925 1.058282
5.164235 2.184460
-0.181039 0.149468
-0.608318 4.442631
4.096396 3.338872
-1.484596 -0.106305
-0.221217 -0.001492
-4.055771 7.377037
-2.544329 4.931278
0.578874 1.207545
-3.552187 7.254073
-0.568594 -0.564030
3.333700 5.652842
-7.071835 5.224790
3.254035 3.860869
-5.133393 4.006534
4.878599 0.580569
5.693618 1.729476
-4.850241 7.039592
0.816796 6.069743
-0.558514 8.210942
-0.115265 -2.330678
-0.484466 -0.422060
2.020910 4.935143
3.938263 0.933849
0.391096 0.688493
-3.519865 7.085703
1.415610 0.786193
5.355780 0.460582
0.360018 -1.127657
0.495506 -1.994787
0.531494 1.846395
1.654572 1.518544
0.045974 5.577612
-8.703071 6.105152
-10.162563 6.838293
0.329067 -0.840155
-5.090699 4.184529
-6.909844 3.833401
-4.688147 4.011415
1.896591 6.212651
-4.309973 5.818402
-1.208146 -0.848283
3.854033 2.825255
-0.143723 -0.496037
2.968353 3.031109
0.962639 0.095354
5.895456 0.882550
1.513895 7.919353
-2.795285 8.126868
0.674407 2.302839
-0.681445 -2.365778
-3.179695 4.133725
-4.642160 5.634004
0.312888 -0.731674
3.628663 1.350800
1.505044 8.541622
-7.383731 2.559594
-0.381366 1.269445
-2.335650 6.297783
0.751818 1.677257
-5.540666 5.517210
0.076936 0.264253
0.225320 -0.997592
3.147826 0.426614
-4.988441 3.642699
-4.552587 4.876909
1.594085 1.841021
2.695330 3.903945
-8.878030 6.017128
-1.305916 1.468891
0.602526 0.124242
2.875755 3.792445
-8.133715 5.356706
0.547159 1.549427
-6.024837 5.621503
-4.247761 5.094961
3.148507 -0.779358
1.212535 2.120089
-0.646333 4.467997
1.015671 3.341634
-1.359317 1.063025
2.622641 2.235330
-2.926477 6.355677
-0.907400 -0.961469
-6.803496 6.597419
-3.269466 6.078253
-3.866870 3.662085
1.057780 -0.891839
1.242896 4.234128
-5.864167 4.751697
-4.014223 4.648647
0.736665 -0.240344
-5.879218 4.341339
4.115407 2.457645
0.132965 0.828030
4.021677 0.788701
0.135979 0.106541
-4.493669 4.971132
0.275151 2.125196
4.959359 5.577091
-1.291355 -0.465927
0.171043 1.923022
0.465763 -0.666093
-4.844569 2.372680
-7.428961 6.385942
5.134122 3.182548
1.056993 -0.435818
-6.421650 6.797420
3.795586 2.830229
-5.608859 7.054028
3.159911 0.176353
-0.512020 -0.600871
-4.719493 6.685336
1.441068 -0.367740
4.898673 4.028068
0.367226 3.609590
0.609333 1.700491
-3.033015 4.613603
3.239408 2.664846
-3.717280 5.726178
-2.653230 2.987691
0.350282 -2.346029
1.521426 1.047116
-1.846336 -1.444889
-2.082002 0.187710
0.304827 -0.807132
2.092831 3.662376
-2.125692 -0.310894
0.941795 -0.523837
1.593602 0.441499
0.985928 1.247273
-9.981796 7.006826
-0.477760 7.127510
-2.293071 0.830381
5.158310 3.483418
-8.025019 2.837232
-3.455784 3.720869
4.800810 4.544487
0.402830 -0.748718
-0.989032 0.815351
-5.457102 0.713151
5.248119 2.097873
4.058083 4.831020
-1.163287 1.640173
-0.879148 1.167104
3.998439 5.686641
-1.872265 0.601501
0.125631 -0.904849
-1.899464 -0.896544
0.989742 2.149134
-5.065725 2.938731
0.245466 0.266472
-0.832631 0.644316
-0.647630 -0.307859
0.630126 1.080929
-8.046646 5.368426
0.074113 -0.377305
-3.982432 3.966902
4.255861 1.452506
-0.241702 -0.295952
-5.696773 6.373519
3.852277 4.367927
0.777086 1.687827
-5.266666 7.014526
1.037531 0.885747
-0.485197 -1.684449
0.130928 0.650532
4.112334 3.093404
-0.901669 1.209204
-1.363735 0.746222
-1.052490 6.376685
0.444853 0.646834
-6.280628 4.903217
8.144164 2.371594
1.660944 0.311555
0.096919 0.941392
5.528479 1.587121
-3.212973 2.773357
-4.185653 3.343836
-0.207311 0.939190
0.691452 0.864852
-0.046221 0.274621
0.020544 0.259328
-4.304810 1.468398
0.243453 0.354294
-5.018965 9.045882
-3.850111 3.647869
-5.556222 3.713298
0.349874 -0.040439
0.400197 1.635852
4.220830 4.554899
-4.114320 2.321766
-1.393532 -0.129441
2.949889 2.363610
-0.424175 0.242418
-7.356305 6.047152
4.347587 4.428497
-3.908000 4.586052
6.826506 0.100883
0.106048 0.423935
-6.029014 4.676091
3.137683 2.645116
5.021629 2.201049
1.697015 -1.797164
-3.100416 4.717370
2.494610 6.069818
3.096066 -1.442424
-0.970455 6.179858
-1.334569 0.077605
-5.865874 6.584022
-3.470209 3.390598
0.631858 -1.121457
-1.040659 -0.487641
0.963300 -1.029148
-6.445740 3.620955
-0.507742 3.192392
-5.686005 3.546682
-0.855443 1.382066
-0.648783 -0.668955
-4.932003 4.494610
0.450926 1.700242
-0.726620 -0.773049
-5.680285 5.391179
-1.233240 5.909641
0.909204 -0.721676
-6.003532 -0.794468
-2.164966 4.432737
5.477431 4.857682
-3.066660 4.993552
3.655725 2.344413
-5.672395 6.184691
-0.438820 -0.936542
2.156979 5.098380
5.317685 3.381110
-5.338378 5.663024
-1.123584 -0.297792
-7.362878 5.147839
0.059570 1.245421
-5.945426 6.506240
-4.572650 3.932623
3.050884 2.649678
4.259160 3.188629
1.585689 0.565116
2.679934 5.995662
3.805310 3.709231
-6.910352 2.170303
0.961982 4.500600
-6.579261 5.584815
0.757311 2.227382
0.700724 -1.385151
-0.298505 -0.194748
-1.013012 -0.354428
1.310781 -1.217339
-5.874845 7.337769
2.893872 2.560281
-3.036333 1.716240
0.786668 -1.138649
4.877386 3.363637
-0.323119 4.361198
0.406069 -0.663331
-4.634947 0.292992
3.752100 4.121743
0.072921 0.178007
2.847848 1.455190
-1.282190 0.334348
1.909635 0.841845
0.962597 -1.560023
-1.842343 0.305238
3.071445 3.974243
1.167980 0.783997
-1.455745 4.930496
2.151738 5.520316
1.861590 -0.688511
2.367721 0.895049
-7.736731 3.328038
0.971406 -0.983221
-1.483301 0.918493
-3.769364 5.301254
-4.049667 4.320750
1.634658 -1.653766
-2.745175 3.354355
-2.845137 6.299020
-0.509131 0.309432
-2.967304 4.806171
1.306193 0.010614
0.496236 -0.301660
2.437924 0.316406
-6.276764 5.223562
-5.002063 5.758435
-6.324321 2.094964
-5.078052 4.887480
-6.447267 1.737772
-3.546271 7.633099
2.952747 1.500958
0.197254 1.662925
-7.681118 3.610248
0.436452 -2.167379
0.289711 -0.932662
4.154225 2.800364
7.836344 3.046726
-0.158114 0.984670
-2.015979 3.288742
-0.686353 3.909936
3.242702 1.193689
-5.635025 7.077535
1.225525 0.978321
-1.614645 4.376678
-6.139932 3.838929
0.462939 -1.620732
2.162990 -0.868894
3.328432 1.254159
-4.778361 1.815867
1.706837 0.202070
2.700999 5.010895
-0.847127 4.652753
0.244527 -0.622996
-3.393667 6.867069
-1.412584 0.370750
-1.947400 4.525169
-1.739599 3.812641
4.689467 2.270469
-6.537745 1.160634
7.277423 0.067338
-0.583283 -0.263792
-0.267622 0.845032
-4.885163 7.674784
2.083787 4.170382
3.494665 4.854544
2.889800 4.199521
-5.682398 7.482286
-0.744047 -0.765829
-4.593628 2.871495
-0.064675 -0.987713
3.034475 2.700331
-1.406530 4.055135
-0.099899 -0.591715
-4.455814 2.273247
-1.006439 3.238414
-1.152831 4.250527
0.461549 0.879451
1.156530 0.916823
-4.011484 4.486068
2.838168 3.945456
-0.801344 -0.036881
-5.066260 6.940765
-3.966364 5.304938
-1.225636 -0.192667
-5.071501 1.053259
1.810245 3.233314
-2.005527 4.934198
1.884690 6.649179
1.463205 -1.536497
-1.255823 0.981161
-1.284718 2.618672
-3.766789 3.383855
-3.590165 2.929380
0.063985 -0.177630
2.185373 4.860046
-5.424338 2.557230
6.314018 0.851410
-7.507058 7.401740
-5.479556 3.629008
2.644804 6.091468
2.865846 3.954516
2.434778 6.144359
4.387993 4.383724
-0.457514 1.479326
-3.684289 6.089892
3.659061 3.009007
1.080222 6.646897
-1.242275 1.420700
-0.617896 0.872254
1.953918 2.949053
-6.494907 4.139965
-7.665468 1.990053
-1.121259 -0.014021
-5.254782 7.373904
1.963889 1.256960
-5.479953 6.303783
-1.019405 -0.322438
0.939669 2.286249
-1.125428 0.191854
2.885807 0.805709
1.315859 0.496922
-0.024190 1.214492
6.294780 5.255843
2.079133 3.397250
1.746926 -0.417002
1.838633 1.201600
-3.883842 3.591782
-5.597972 3.856628
-5.253811 1.807653
1.383035 -0.277539
-7.568477 8.519513
3.779202 4.120789
-0.067790 0.985704
-1.616769 5.561993
5.883688 1.675531
-0.228714 1.337586
-0.364529 -0.568472
1.997324 1.235491
-1.979870 0.703027
-5.131572 3.562782
-1.213759 -0.218751
4.607250 5.283187
-1.127157 0.521131
-8.452585 4.629674
-0.329710 5.113398
-0.006596 -0.403829
3.498722 5.634816
4.433325 1.609254
-3.256088 8.013121
4.568501 3.079931
0.844131 5.478496
1.152912 -0.455740
0.985908 2.339197
2.705705 3.361420
-1.603474 0.967507
-7.612950 2.266482
-7.760262 10.220418
-0.675441 -0.463332
-0.591698 0.847569
1.298992 1.464406
-2.883722 0.431321
-3.433959 4.961934
-1.332768 -0.121013
4.374120 2.053051
1.125183 2.425010
4.835067 -0.165583
-1.513231 6.884696
3.165730 3.882666
0.229009 2.119401
4.612181 3.724495
-6.257475 3.001117
-0.588938 0.003177
6.505617 4.706656
-1.775105 0.454730
0.769900 3.394184
-4.919676 6.203053
4.456586 5.913946
-1.415658 5.590271
-2.584767 6.700917
1.644337 4.313735
2.569513 1.675347
6.109180 1.957722
3.792197 3.161903
5.646784 6.811602
-5.073794 7.240631
0.909150 -0.558211
-6.431323 4.788055
-0.042155 1.510950
4.789812 4.199978
2.653483 7.232241
-1.260727 0.857204
1.324254 1.155432
-1.491626 0.528307
0.725160 4.080584
3.541832 5.525136
5.753738 0.892118
0.166426 -0.461116
1.382582 3.029777
0.331765 0.144662
0.059886 -1.150001
0.870838 1.185929
0.285711 -0.432069
-3.991692 4.808138
-6.050852 5.409544
-0.724518 -1.089634
-3.505783 6.145953
-0.966705 5.394619
-5.051799 4.771672
-5.245529 5.868524
3.154257 2.146218
-4.501267 4.086845
-1.561111 0.164929
-5.688935 1.873853
-5.946610 3.676799
-7.682044 7.450053
-5.817408 3.388981
-0.494475 0.616194
-1.006809 0.390438
-6.023340 3.908847
0.217746 3.365687
-5.163630 10.194909
-1.269983 6.490797
2.528529 0.295118
4.211685 0.061382
5.152166 1.646104
-4.522881 7.446561
1.855622 4.754287
-4.296024 6.090713
-0.946195 0.125182
3.376950 1.503213
2.928680 5.468159
-0.024491 0.489896
-0.994024 0.406477
1.046439 4.099130
-1.299608 -0.852547
0.568546 0.243285
0.195552 3.147466
0.509005 0.438746
-4.884533 5.443178
0.388765 2.147836
0.352698 4.070460
-12.162266 1.697497
1.102354 0.214758
7.308980 7.088629
0.967046 1.949542
-0.411926 -0.124930
2.733312 -0.123602
-5.701629 4.883916
-6.790667 1.742105
-2.337273 6.785202
-7.965609 6.253656
0.374969 0.230904
0.133611 0.459455
2.672616 7.701917
-3.318639 5.788388
-5.466095 5.785051
-0.842550 2.680177
4.419677 2.459730
-2.660491 2.466589
-3.424471 4.532256
-0.733131 -1.095159
-0.727026 0.559148
1.094674 5.910264
-3.339292 5.767513
0.606825 0.442791
-6.813809 7.146519
1.469792 -1.312741
-0.564830 7.055853
-6.216786 5.027499
4.219802 3.855410
-0.333970 3.237430
-5.974993 3.493696
-0.536530 -0.445048
2.227765 -0.256805
4.406320 3.406942
0.066084 1.265898
4.366247 4.899944
0.363979 2.261237
0.251202 -1.193364
-1.085882 3.947687
-7.505834 5.974454
0.092211 7.322564
1.897299 4.998414
-7.250404 5.687899
-1.645826 1.191968
2.293770 3.946789
-6.867524 3.363475
-6.476303 5.060071
-4.016241 5.182218
-4.039222 3.674530
7.638656 4.370842
-1.115926 -0.250139
-0.518582 0.270687
0.006866 0.119787
4.287081 2.763059
-5.849778 5.002472
3.538974 1.398885
3.701353 4.294537
-5.217619 5.402052
2.974232 3.264586
0.391815 -0.149712
4.540029 3.380555
3.380826 3.598550
1.610538 6.878448
1.578859 2.559891
-7.507393 5.716390
-3.952546 6.754322
2.218331 3.405913
0.094336 0.424561
5.672069 1.229196
1.729370 0.624860
-4.623183 2.474142
4.990842 1.523169
-1.435780 -0.176557
-7.139470 5.192651
4.450024 3.528412
-0.668139 -0.735421
2.597946 2.353396
-1.362091 4.318599
1.360837 0.186949
2.952344 2.917083
4.946620 4.375741
5.394291 0.550420
1.202474 2.487046
1.388664 0.696896
-4.385350 5.597221
-1.537425 -1.538036
-3.985326 5.791762
-1.643149 0.847639
-0.619656 -0.573862
-0.870197 2.647602
2.241997 2.902411
5.376177 4.933612
-2.090549 3.704160
-0.720337 3.518110
-4.618147 5.239438
-1.731860 -1.377147
-1.188030 0.746954
4.474069 1.437785
0.641754 -1.374344
-1.665258 4.654043
1.959799 -0.997273
0.022161 0.221545
-0.376936 2.149621
3.297264 -0.466973
0.192190 0.150635
0.904273 -0.757841
-4.891146 4.806483
2.577273 6.583693
-5.605133 3.087445
-6.798971 7.703779
2.929503 3.683470
2.979711 2.948651
-4.664052 7.171004
-1.384290 5.003387
-5.668769 1.771573
-4.866380 7.047236
0.451785 -0.346991
0.599650 1.068955
-6.026812 5.249302
-3.394073 6.736481
-0.950643 -2.585122
0.151119 -0.878670
1.502407 2.771093
2.501744 5.161972
-3.049343 5.109032
2.014008 6.237903
0.176877 0.748340
2.916956 3.503422
5.111455 0.079308
1.593725 -1.868157
-0.225816 -0.474032
-5.576179 3.851123
-0.271872 -1.194176
5.853680 3.856961
-2.091250 -0.387753
4.883982 3.067136
0.419069 1.198433
-1.644139 -0.199712
0.715997 5.415623
0.838077 4.223221
-5.967532 2.269119
-6.937139 5.716732
-1.865830 0.631373
-5.632664 6.434837
-0.972640 2.048758
-7.693116 4.198641
-4.309256 4.487908
6.399674 3.720843
-0.588019 1.228253
-7.447316 3.415042
2.479469 3.124423
-8.276737 6.217389
4.339818 1.787121
-3.345538 5.841739
-4.686751 5.757601
-3.823458 -1.931846
-3.075602 4.904362
3.679425 4.472187
-0.623993 -0.937089
-5.430107 6.893856
-5.533182 2.430544
-5.166475 7.866785
-0.432674 -1.388274
5.860165 3.047850
-2.822549 6.824662
-1.644746 1.360995
5.248552 7.526561
-4.713676 7.885475
0.774207 -0.482146
-1.947741 2.716477
2.459866 0.855124
2.378370 4.398204
0.922983 -1.364538
5.795183 9.517639
1.080729 -0.834215
0.308431 0.192639
2.305811 1.299303
-7.662999 4.622526
3.265060 -2.320571
-0.776111 -0.671568
-0.156465 -0.382770
3.221319 1.784534
1.877876 4.109608
1.258172 0.075914
0.806769 0.605424
-8.331314 4.698899
0.348079 -1.967982
0.809697 -1.420660
-9.700111 6.849953
5.649759 3.811155
-2.508091 4.976092
0.011407 -0.187109
1.356345 1.297278
-3.137262 2.177271
1.064864 -0.521037
1.368120 2.884877
-3.967391 5.290886
0.415080 -0.158095
2.420965 -0.449565
6.026603 3.832788
-0.806430 0.291922
3.499630 2.223578
0.376009 1.219152
1.203640 0.356144
0.342324 -0.890321
3.393048 6.358428
-0.406248 0.111812
0.370147 0.984656
2.945453 1.703636
-1.842053 1.257521
-0.673279 -0.113785
3.908543 5.239189
0.713048 4.194728
-5.400540 8.345982
-0.564925 1.078386
0.361544 -0.171490
0.243190 0.442865
-4.330328 8.652200
3.992168 3.707839
7.760528 3.412838
2.894971 0.208048
3.083749 4.396512
4.008313 3.051620
-0.957519 6.893657
0.500644 0.844913
-2.857428 7.750145
2.275905 3.118052
-5.079416 2.538088
0.579491 0.393938
0.013185 -0.469925
-4.464128 8.388444
2.246216 1.931213
-0.210334 -0.317128
2.518082 2.818524
2.674074 6.205858
1.355852 -2.504169
-0.190173 0.774083
-3.298515 6.653387
-0.156038 -0.890379
0.948502 2.409660
0.369684 -0.071552
-4.531917 2.608718
-3.244503 4.840578
-5.834047 -0.572339
0.580495 2.440082
0.052245 -0.439824
-6.984747 4.521756
-3.636143 6.670721
0.182920 -1.235704
-0.416473 -0.331322
-4.075164 7.027926
5.381689 4.603642
2.772884 1.840486
0.622364 2.999900
-0.988554 -0.840119
-5.296290 7.141906
-6.083388 7.045229
0.413689 1.551153
0.517700 0.591306
-2.763744 4.468017
-2.983259 4.001962
-1.103693 0.193191
1.097770 0.714107
-4.823573 1.426478
0.648543 -0.109827
-0.172691 -1.692873
5.516090 1.584130
-1.200096 0.490260
4.341223 3.504367
1.204439 -2.657359
-1.330331 -0.779516
3.879489 4.431585
7.039341 3.226039
-3.409467 5.006077
1.231533 0.105407
-4.946558 8.296517
5.683192 5.658515
0.051612 -1.223785
-5.493822 7.117825
-4.194632 2.701207
-2.603905 4.363815
1.146675 0.082346
4.635415 2.380499
2.477437 2.313866
6.247670 5.631678
-9.152953 7.947988
-0.132808 0.313710
-2.899704 8.937449
-1.558126 5.968534
1.819541 -0.103038
1.644411 0.568341
-5.690067 4.093116
-8.580724 6.240475
-5.716549 3.130946
-5.072230 7.503310
-3.412738 5.905379
1.682624 1.627044
4.466905 2.852100
-9.823204 5.085264
-1.182245 -0.712128
0.375328 -0.229427
-0.855694 0.085679
0.338079 0.732882
-1.566660 4.187917
-3.964336 3.229021
0.792241 0.389409
-1.704390 0.344621
0.502122 -3.141192
-0.840175 -2.487238
-2.975219 4.527742
-1.431501 -0.510560
1.375370 0.642081
3.599690 4.084814
1.635137 4.482678
-0.015929 -1.164117
3.535083 0.520419
-6.525495 7.432430
-5.906530 1.739053
0.590790 -0.549576
-2.963416 7.430876
-6.487677 4.285362
0.436367 -0.675814
3.043503 3.441637
7.572674 0.650657
1.033837 5.703352
-5.267180 1.132559
-0.045601 4.148653
1.724803 0.172463
-3.536850 7.528742
0.092174 -1.505565
-0.135560 -1.745128
-0.029586 0.632276
-3.046377 2.413449
0.335051 -1.060987
1.538860 4.947378
1.184391 -0.702778
-0.485265 0.860439
-6.998844 7.112311
-5.394565 6.827661
0.760342 4.120265
2.534912 3.724583
-1.581387 0.338905
0.130929 -0.232337
2.157610 1.548671
-6.179587 1.981419
-6.401410 6.313384
-2.747445 7.764026
-1.183870 -0.320370
-6.564685 4.266174
-1.487140 -0.178120
0.964196 3.210583
0.161782 -1.136643
4.798429 2.318274
-0.382286 0.855585
-0.696407 -1.153309
4.160157 9.041383
-5.269715 3.653866
-1.659074 5.606410
2.567282 6.225705
0.160459 2.611724
-6.435816 4.209441
-2.070808 6.707310
3.634610 3.093495
-8.057252 8.995761
5.262423 0.479463
-7.735795 1.750909
-4.490745 6.865146
3.094577 6.507566
-1.528618 0.714162
0.564078 1.834162
-1.996077 3.868279
-7.391442 4.498796
-5.316597 2.067042
4.464648 1.749261
3.072034 3.885062
0.154238 0.684775
3.030154 -0.322336
-2.585957 5.578182
-8.995736 4.867327
-0.879802 -1.463586
3.130249 5.063733
0.620121 -0.308462
7.508712 0.991665
-3.930686 5.662576
-6.588036 7.325609
-1.152236 5.921422
0.019889 -1.359466
-0.922031 0.304314
1.114747 2.517618
-1.377103 3.903871
-2.259935 -0.106840
1.375155 5.873036
-0.356370 -0.191854
1.135640 0.791074
-1.097513 2.059177
-1.752318 -2.180026
-5.734245 4.050037
-0.678673 1.083158
-0.655528 1.560837
-7.113436 4.707536
-3.009462 5.118227
-4.438581 1.749666
-7.008181 4.404677
-1.217945 6.515170
0.392536 -1.382495
4.774830 2.511207
-5.514467 4.809675
-1.751345 -0.034049
0.658014 1.293136
0.973572 3.461290
-0.118017 0.565032
-0.350479 -2.098656
1.329348 1.982479
3.008007 -0.659500
-3.681126 5.714447
-1.151786 0.918640
-3.091306 5.224826
-6.225873 6.123797
-4.749978 4.838104
0.328384 0.566610
-3.959701 2.844116
5.787428 0.740048
1.785592 0.991076
-0.919125 0.753077
2.697083 3.075737
-6.778385 4.507147
-0.901393 0.142732
0.666953 -2.195985
-0.378791 -0.499337
-3.374803 4.915336
-1.646503 -1.788037
-4.792221 4.340202
4.152448 2.567026
3.889050 -1.536865
-1.779719 6.086223
4.219881 1.661760
3.869641 -0.835170
-3.627755 6.909104
-7.579815 7.640333
-3.927361 7.258730
-1.206644 0.357537
4.166930 1.427826
-1.607429 2.977659
-2.911535 6.030747
3.498464 1.937254
-1.866922 0.750943
5.183924 3.783141
-7.278689 5.430843
0.078550 0.327801
3.754617 2.493010
4.826395 -1.306868
-7.476509 4.520926
-5.729950 4.567381
1.554473 3.069509
1.880663 3.683007
-4.586856 4.742199
0.396054 0.975175
0.297344 2.686994
-0.939629 4.064712
2.778327 4.283904
2.347818 4.457671
-8.134560 4.954289
-5.546945 4.902759
-0.770407 -0.456728
3.184546 0.787955
-4.056962 2.888355
7.567110 2.791635
5.241247 0.850214
-2.037851 1.273673
-2.031762 0.253298
1.618029 -2.228775
1.207598 1.475922
-0.373131 6.828049
-0.097295 -0.609027
-5.946474 8.036792
-6.400296 3.962075
-1.774517 0.571667
0.700390 -1.794723
-0.190990 -0.685870
-8.177884 5.719331
-0.331114 0.786853
-5.692254 8.219910
-6.782855 6.845898
-0.627638 0.530773
2.411335 5.587698
-6.083400 7.249598
-4.810030 7.066449
-0.956146 -0.330781
0.912828 0.594130
1.383465 -0.632860
0.624077 -0.141159
4.543064 4.720584
3.123745 -1.203452
0.951889 0.537823
-1.057292 3.033469
0.247229 -1.264288
-4.301305 4.761157
-1.537483 0.088379
0.999927 -0.019929
-7.284214 3.938536
-4.008773 7.542823
-3.026724 6.176386
1.080766 -0.764656
6.536622 4.887207
6.203085 2.799950
4.211740 1.981747
4.935151 4.763274
-7.445690 8.523020
-0.415354 1.114520
-0.764970 3.140876
0.048910 2.037733
-0.345566 -1.519172
1.752807 -0.359319
1.735359 5.986148
-2.663848 0.837182
-2.905063 5.143820
-2.734694 3.384644
1.628249 -0.052142
1.938716 2.304343
-4.050225 3.008749
7.369783 1.194869
-3.659678 4.195012
0.044048 1.173378
4.340197 2.338140
4.332131 4.471277
0.952746 0.279177
2.882547 3.365693
3.192811 2.901926
0.646597 -1.098237
1.718431 0.023448
5.571428 3.378123
-0.360740 2.861744
3.606482 5.971356
6.741297 1.062538
6.274625 3.962026
-9.291238 6.095176
0.648559 2.960068
-5.400940 1.879699
1.355087 0.045662
1.634048 -0.708124
6.429765 2.179563
0.138776 0.075559
0.065239 0.304046
-0.018897 -1.272000
-3.943778 5.179065
-0.929263 0.255937
-0.661377 0.431021
-8.094750 4.723548
-2.980684 2.944115
1.016330 0.695552
2.499382 2.640741
-9.911669 4.549639
0.311240 -0.471795
5.359992 1.836832
-6.174570 6.448110
-1.945521 1.258032
-0.317261 -0.246464
1.223351 -0.424366
-0.495208 -0.345954
-1.251292 -0.704985
-0.570799 -0.097228
-4.917662 4.715208
0.041999 -1.192821
-7.272032 4.673763
2.532261 4.104705
-0.783540 -0.930019
2.326575 1.583338
-3.770719 4.576018
0.775207 0.114160
1.080233 -0.743859
-0.312062 4.201894
0.115886 1.260122
2.148866 5.905455
4.431294 1.699214
-5.308396 3.828606
1.897757 2.478719
-1.818454 5.632130
-5.334843 1.873199
-0.060824 -0.802100
1.511110 4.189524
2.509245 3.349946
-5.636662 3.401386
2.877734 2.178475
0.416124 -0.783527
0.231131 -0.071159
1.716721 0.585293
-0.535118 1.354199
4.091540 3.941321
-0.204580 0.138237
-5.468345 6.133436
-0.198416 0.197695
-3.333634 9.346309
-0.224304 -0.912574
-1.206234 0.649320
4.605657 5.304610
-3.219800 5.752262
4.591429 4.343087
-0.918527 0.131916
-3.499725 6.402405
0.813777 -0.089264
-0.713952 0.719475
0.597981 -1.832150
2.958603 -2.308283
2.347785 2.171123
-1.963787 4.058952
-4.602178 8.212435
-5.622164 2.737406
-4.363141 5.399605
2.673301 1.466884
-3.772224 6.028445
-6.214015 2.861726
-5.532297 3.256932
-1.248132 0.448534
6.890332 1.786481
-0.548560 -0.295552
5.667607 5.009760
5.693001 3.949437
-0.968990 5.892615
-1.330955 5.996005
2.569139 2.036570
-7.189177 5.661888
1.393352 5.896939
-3.957992 5.531880
-3.057293 3.497350
0.581809 0.300451
-1.576116 0.434803
-0.810900 -0.707602
3.217267 5.115339
-2.508939 1.062017
-3.904077 2.216916
4.426920 4.001966
-0.256993 1.582379
-3.593692 3.343968
4.357675 2.616878
-7.584696 6.659373
-5.113921 3.922352
-1.498988 1.688723
0.635188 -0.426990
-1.247166 0.540045
0.859727 1.442657
-4.703180 3.545870
0.351848 -1.138062
-5.079616 4.617786
4.332756 1.461973
-5.462424 2.113449
-3.587095 8.254037
-1.507132 -1.294829
0.616158 -0.313874
0.849933 3.443757
-1.219746 0.161332
5.698981 1.610811
-0.261636 1.397113
0.275389 -0.097214
2.721388 2.147903
-1.318733 -0.754805
0.218358 -0.880748
-6.424347 2.870292
-0.148912 0.865973
0.989704 -0.781692
7.292575 5.553090
-0.848766 0.363226
-4.112486 8.350965
0.799554 1.137470
-0.900786 1.288529
-6.746368 4.756240
-5.425718 4.338569
-2.404246 1.309501
0.376610 -1.327644
0.311314 1.436130
-6.227683 3.747322
0.262005 4.845611
-0.231046 0.284414
0.092876 1.032574
-3.029179 1.803864
3.493490 1.479104
-4.750759 5.301493
-8.473495 9.034890
6.180061 3.062102
-3.371529 4.241046
-5.107825 2.334531
2.671356 4.246868
0.391437 0.178741
-2.132357 -0.042863
-0.594737 -1.280554
-6.920184 5.169326
0.109307 4.467050
2.722183 5.674818
-4.586403 5.775179
-1.121711 2.932254
1.476760 1.740851
0.856024 -1.816196
-4.947863 3.468596
3.459298 3.697871
2.703728 4.256591
-3.704400 7.528916
-3.224121 2.646725
3.764633 2.993881
-5.534219 10.426148
2.732917 -3.152106
-5.080908 5.340980
-8.646502 7.396298
-3.934902 7.178894
-2.711319 6.244631
-2.648178 8.448724
-3.838247 3.482042
-5.575749 4.853612
4.821897 3.618994
3.501543 5.118657
1.728285 5.034850
-5.842616 4.627158
-0.327111 0.793785
-6.170221 5.658081
5.585480 6.240330
-1.777162 2.276501
0.195508 0.964742
1.421640 -1.323941
6.317087 3.411402
-0.935228 0.460888
1.510395 1.048140
0.596820 -2.838857
1.224645 1.257722
-6.152005 7.235286
-6.061262 4.378376
6.490091 1.174643
1.786108 -0.391608
-1.042870 0.476201
-6.121642 6.666415
4.270656 4.148305
-7.470796 5.550524
-7.961548 0.427480
4.513530 4.259068
-0.291449 -0.533865
6.064881 3.554193
-7.494784 4.543639
-3.184359 4.750370
1.298836 0.974438
2.676699 0.574215
2.803482 1.757878
-7.757252 9.852277
-3.898976 3.556450
0.416632 1.248290
-0.406771 -0.567007
0.336925 -1.196026
-4.645886 6.346495
1.726732 5.641750
-10.283238 5.919121
0.236265 -0.572382
-0.150188 -0.918058
0.419277 3.837626
-1.986845 4.456703
3.307014 3.987787
1.388857 1.834926
6.091198 3.992042